$ANSIBLE_VAULT;1.1;AES256
36353662393062333465653334303064313765396134373966316337643563336131643234363562
6666393662323835653737613566626534343733643034330a623063666563306136396635346262
39333838316533646239393264393038353938393864386533366536356232656661386236666336
3065623465663030380a343533646439326133353035386634366235656536386663336264376534
38363562393735653833386238653533636532353533353262616437613564316634653462356230
64623938616361336163636430363466656537383433393535393230653365383538353630643637
62303233336362613632636339643531666465343865643664343961313432626336613733336135
61333035376463653062396237666561373336356235656362363637643135363031623363383334
38393163336666333334323536613538366664626165636661323436393261613062363938343865
61666166356364666139643264333563623763323964333035633733386636623465393937653734
31353666303739633464333131343637663034616364643233363133323136616532353566313933
63346666316430393435386432613130626266653739656131663066396565363834363534363432
63343936333931633164343065303566313435376163656262383966663062316562366436363134
35363131363836373531366537376539376365633036643939343865633963323931313036356238
39656234363737316366363864613866306436656564396464613438313030333737386365383664
33616436623432373536613732343337636534316536633664366534396566383933386439356166
38383932306530613834626231633235383866643139643033616532633063666438303539616233
31313735356536333237656235326530333330393735306562373462666437366234373161373563
38613336343866303237653733393366333733323261396137363064323862303833336132353662
65623164616639306437613337343261333739353261643537316663653636346164326331393966
38343333343433306634376565303135323631316362636630343932616636346630646133336337
33626139386330633235393762306532656566616665643738393134343566353938326666303963
34393862306438353739666630383966626130663231393139343237303332613636383533613566
35643062333834356665363538343038336135653634623637656165393164326563346661643565
6132
